   1.0000000e-03	   3.2570688e-03	  -4.9743461e+01	
   4.5025025e-03	   7.4293707e-02	  -2.2580959e+01	
   8.0050050e-03	   3.2822254e-01	  -9.6766321e+00	
   1.1507508e-02	   1.7858549e+00	   5.0369236e+00	
   1.5010010e-02	   2.4832021e+00	   7.9002412e+00	
   1.8512513e-02	   1.1465970e+00	   1.1882161e+00	
   2.2015015e-02	   8.8007902e-01	  -1.1095666e+00	
   2.5517518e-02	   7.6954035e-01	  -2.2753720e+00	
   2.9020020e-02	   7.1051962e-01	  -2.9684786e+00	
   3.2522523e-02	   6.7449992e-01	  -3.4203620e+00	
   3.6025025e-02	   6.5058526e-01	  -3.7339156e+00	
   3.9527528e-02	   6.3374664e-01	  -3.9616867e+00	
   4.3030030e-02	   6.2135895e-01	  -4.1331489e+00	
   4.6532533e-02	   6.1192707e-01	  -4.2660066e+00	
   5.0035035e-02	   6.0454200e-01	  -4.3714704e+00	
   5.3537538e-02	   5.9862220e-01	  -4.4569436e+00	
   5.7040040e-02	   5.9378011e-01	  -4.5274871e+00	
   6.0542543e-02	   5.8974860e-01	  -4.5866616e+00	
   6.4045045e-02	   5.8633830e-01	  -4.6370347e+00	
   6.7547548e-02	   5.8341169e-01	  -4.6804974e+00	
   7.1050050e-02	   5.8086682e-01	  -4.7184686e+00	
   7.4552553e-02	   5.7862673e-01	  -4.7520302e+00	
   7.8055055e-02	   5.7663240e-01	  -4.7820192e+00	
   8.1557558e-02	   5.7483792e-01	  -4.8090918e+00	
   8.5060060e-02	   5.7320715e-01	  -4.8337680e+00	
   8.8562563e-02	   5.7171127e-01	  -4.8564649e+00	
   9.2065065e-02	   5.7032711e-01	  -4.8775196e+00	
   9.5567568e-02	   5.6903585e-01	  -4.8972075e+00	
   9.9070070e-02	   5.6782205e-01	  -4.9157549e+00	
   1.0257257e-01	   5.6667300e-01	  -4.9333496e+00	
   1.0607508e-01	   5.6557811e-01	  -4.9501481e+00	
   1.0957758e-01	   5.6452853e-01	  -4.9662821e+00	
   1.1308008e-01	   5.6351681e-01	  -4.9818625e+00	
   1.1658258e-01	   5.6253664e-01	  -4.9969837e+00	
   1.2008509e-01	   5.6158266e-01	  -5.0117262e+00	
   1.2358759e-01	   5.6065029e-01	  -5.0261589e+00	
   1.2709009e-01	   5.5973561e-01	  -5.0403413e+00	
   1.3059259e-01	   5.5883521e-01	  -5.0543248e+00	
   1.3409510e-01	   5.5794617e-01	  -5.0681540e+00	
   1.3759760e-01	   5.5706596e-01	  -5.0818676e+00	
   1.4110010e-01	   5.5619236e-01	  -5.0954996e+00	
   1.4460260e-01	   5.5532345e-01	  -5.1090797e+00	
   1.4810511e-01	   5.5445755e-01	  -5.1226340e+00	
   1.5160761e-01	   5.5359317e-01	  -5.1361856e+00	
   1.5511011e-01	   5.5272902e-01	  -5.1497547e+00	
   1.5861261e-01	   5.5186396e-01	  -5.1633593e+00	
   1.6211512e-01	   5.5099700e-01	  -5.1770153e+00	
   1.6561762e-01	   5.5012725e-01	  -5.1907369e+00	
   1.6912012e-01	   5.4925393e-01	  -5.2045366e+00	
   1.7262262e-01	   5.4837635e-01	  -5.2184257e+00	
   1.7612513e-01	   5.4749392e-01	  -5.2324141e+00	
   1.7962763e-01	   5.4660609e-01	  -5.2465106e+00	
   1.8313013e-01	   5.4571241e-01	  -5.2607234e+00	
   1.8663263e-01	   5.4481246e-01	  -5.2750593e+00	
   1.9013514e-01	   5.4390588e-01	  -5.2895249e+00	
   1.9363764e-01	   5.4299236e-01	  -5.3041256e+00	
   1.9714014e-01	   5.4207162e-01	  -5.3188665e+00	
   2.0064264e-01	   5.4114343e-01	  -5.3337521e+00	
   2.0414515e-01	   5.4020759e-01	  -5.3487864e+00	
   2.0764765e-01	   5.3926391e-01	  -5.3639729e+00	
   2.1115015e-01	   5.3831225e-01	  -5.3793147e+00	
   2.1465265e-01	   5.3735250e-01	  -5.3948145e+00	
   2.1815516e-01	   5.3638455e-01	  -5.4104748e+00	
   2.2165766e-01	   5.3540833e-01	  -5.4262976e+00	
   2.2516016e-01	   5.3442377e-01	  -5.4422847e+00	
   2.2866266e-01	   5.3343083e-01	  -5.4584378e+00	
   2.3216517e-01	   5.3242949e-01	  -5.4747580e+00	
   2.3566767e-01	   5.3141973e-01	  -5.4912466e+00	
   2.3917017e-01	   5.3040155e-01	  -5.5079043e+00	
   2.4267267e-01	   5.2937498e-01	  -5.5247318e+00	
   2.4617518e-01	   5.2834003e-01	  -5.5417297e+00	
   2.4967768e-01	   5.2729674e-01	  -5.5588983e+00	
   2.5318018e-01	   5.2624515e-01	  -5.5762378e+00	
   2.5668268e-01	   5.2518533e-01	  -5.5937482e+00	
   2.6018519e-01	   5.2411734e-01	  -5.6114294e+00	
   2.6368769e-01	   5.2304125e-01	  -5.6292811e+00	
   2.6719019e-01	   5.2195715e-01	  -5.6473030e+00	
   2.7069269e-01	   5.2086511e-01	  -5.6654947e+00	
   2.7419520e-01	   5.1976524e-01	  -5.6838554e+00	
   2.7769770e-01	   5.1865764e-01	  -5.7023845e+00	
   2.8120020e-01	   5.1754241e-01	  -5.7210811e+00	
   2.8470270e-01	   5.1641968e-01	  -5.7399444e+00	
   2.8820521e-01	   5.1528956e-01	  -5.7589732e+00	
   2.9170771e-01	   5.1415218e-01	  -5.7781664e+00	
   2.9521021e-01	   5.1300767e-01	  -5.7975229e+00	
   2.9871271e-01	   5.1185617e-01	  -5.8170411e+00	
   3.0221522e-01	   5.1069783e-01	  -5.8367197e+00	
   3.0571772e-01	   5.0953279e-01	  -5.8565572e+00	
   3.0922022e-01	   5.0836122e-01	  -5.8765518e+00	
   3.1272272e-01	   5.0718327e-01	  -5.8967017e+00	
   3.1622523e-01	   5.0599910e-01	  -5.9170051e+00	
   3.1972773e-01	   5.0480890e-01	  -5.9374599e+00	
   3.2323023e-01	   5.0361284e-01	  -5.9580641e+00	
   3.2673273e-01	   5.0241111e-01	  -5.9788152e+00	
   3.3023524e-01	   5.0120391e-01	  -5.9997110e+00	
   3.3373774e-01	   4.9999143e-01	  -6.0207488e+00	
   3.3724024e-01	   4.9877389e-01	  -6.0419258e+00	
   3.4074274e-01	   4.9755150e-01	  -6.0632392e+00	
   3.4424525e-01	   4.9632450e-01	  -6.0846857e+00	
   3.4774775e-01	   4.9509313e-01	  -6.1062620e+00	
   3.5125025e-01	   4.9385764e-01	  -6.1279644e+00	
   3.5475275e-01	   4.9261831e-01	  -6.1497890e+00	
   3.5825526e-01	   4.9137542e-01	  -6.1717315e+00	
   3.6175776e-01	   4.9012927e-01	  -6.1937872e+00	
   3.6526026e-01	   4.8888020e-01	  -6.2159510e+00	
   3.6876276e-01	   4.8762857e-01	  -6.2382171e+00	
   3.7226527e-01	   4.8637477e-01	  -6.2605793e+00	
   3.7576777e-01	   4.8511922e-01	  -6.2830303e+00	
   3.7927027e-01	   4.8386241e-01	  -6.3055623e+00	
   3.8277277e-01	   4.8260487e-01	  -6.3281660e+00	
   3.8627528e-01	   4.8134722e-01	  -6.3508307e+00	
   3.8977778e-01	   4.8009014e-01	  -6.3735443e+00	
   3.9328028e-01	   4.7883446e-01	  -6.3962920e+00	
   3.9678278e-01	   4.7758114e-01	  -6.4190566e+00	
   4.0028529e-01	   4.7633134e-01	  -6.4418169e+00	
   4.0378779e-01	   4.7508645e-01	  -6.4645471e+00	
   4.0729029e-01	   4.7384823e-01	  -6.4872148e+00	
   4.1079279e-01	   4.7261888e-01	  -6.5097787e+00	
   4.1429530e-01	   4.7140126e-01	  -6.5321853e+00	
   4.1779780e-01	   4.7019914e-01	  -6.5543633e+00	
   4.2130030e-01	   4.6901768e-01	  -6.5762157e+00	
   4.2480280e-01	   4.6786409e-01	  -6.5976057e+00	
   4.2830531e-01	   4.6674888e-01	  -6.6183344e+00	
   4.3180781e-01	   4.6568798e-01	  -6.6380994e+00	
   4.3531031e-01	   4.6470693e-01	  -6.6564169e+00	
   4.3881281e-01	   4.6384943e-01	  -6.6724594e+00	
   4.4231532e-01	   4.6319715e-01	  -6.6846824e+00	
   4.4581782e-01	   4.6292275e-01	  -6.6898295e+00	
   4.4932032e-01	   4.6346598e-01	  -6.6796428e+00	
   4.5282282e-01	   4.6637720e-01	  -6.6252538e+00	
   4.5632533e-01	   4.8383634e-01	  -6.3060304e+00	
   4.5982783e-01	   4.1119310e-01	  -7.7190837e+00	
   4.6333033e-01	   4.3918091e-01	  -7.1471310e+00	
   4.6683283e-01	   4.4291461e-01	  -7.0735999e+00	
   4.7033534e-01	   4.4368487e-01	  -7.0585077e+00	
   4.7383784e-01	   4.4350490e-01	  -7.0620316e+00	
   4.7734034e-01	   4.4290156e-01	  -7.0738559e+00	
   4.8084284e-01	   4.4207340e-01	  -7.0901122e+00	
   4.8434535e-01	   4.4111202e-01	  -7.1090222e+00	
   4.8784785e-01	   4.4006553e-01	  -7.1296529e+00	
   4.9135035e-01	   4.3896172e-01	  -7.1514670e+00	
   4.9485285e-01	   4.3781775e-01	  -7.1741327e+00	
   4.9835536e-01	   4.3664484e-01	  -7.1974334e+00	
   5.0185786e-01	   4.3545064e-01	  -7.2212213e+00	
   5.0536036e-01	   4.3424058e-01	  -7.2453918e+00	
   5.0886286e-01	   4.3301863e-01	  -7.2698684e+00	
   5.1236537e-01	   4.3178777e-01	  -7.2945933e+00	
   5.1586787e-01	   4.3055029e-01	  -7.3195222e+00	
   5.1937037e-01	   4.2930801e-01	  -7.3446201e+00	
   5.2287287e-01	   4.2806237e-01	  -7.3698590e+00	
   5.2637538e-01	   4.2681456e-01	  -7.3952155e+00	
   5.2987788e-01	   4.2556556e-01	  -7.4206705e+00	
   5.3338038e-01	   4.2431620e-01	  -7.4462076e+00	
   5.3688288e-01	   4.2306720e-01	  -7.4718128e+00	
   5.4038539e-01	   4.2181918e-01	  -7.4974736e+00	
   5.4388789e-01	   4.2057266e-01	  -7.5231792e+00	
   5.4739039e-01	   4.1932814e-01	  -7.5489199e+00	
   5.5089289e-01	   4.1808604e-01	  -7.5746867e+00	
   5.5439540e-01	   4.1684676e-01	  -7.6004715e+00	
   5.5789790e-01	   4.1561064e-01	  -7.6262669e+00	
   5.6140040e-01	   4.1437802e-01	  -7.6520658e+00	
   5.6490290e-01	   4.1314920e-01	  -7.6778616e+00	
   5.6840541e-01	   4.1192447e-01	  -7.7036482e+00	
   5.7190791e-01	   4.1070408e-01	  -7.7294197e+00	
   5.7541041e-01	   4.0948829e-01	  -7.7551703e+00	
   5.7891291e-01	   4.0827733e-01	  -7.7808946e+00	
   5.8241542e-01	   4.0707144e-01	  -7.8065874e+00	
   5.8591792e-01	   4.0587081e-01	  -7.8322436e+00	
   5.8942042e-01	   4.0467566e-01	  -7.8578582e+00	
   5.9292292e-01	   4.0348619e-01	  -7.8834265e+00	
   5.9642543e-01	   4.0230258e-01	  -7.9089436e+00	
   5.9992793e-01	   4.0112501e-01	  -7.9344051e+00	
   6.0343043e-01	   3.9995367e-01	  -7.9598064e+00	
   6.0693293e-01	   3.9878870e-01	  -7.9851430e+00	
   6.1043544e-01	   3.9763029e-01	  -8.0104107e+00	
   6.1393794e-01	   3.9647859e-01	  -8.0356052e+00	
   6.1744044e-01	   3.9533374e-01	  -8.0607223e+00	
   6.2094294e-01	   3.9419590e-01	  -8.0857579e+00	
   6.2444545e-01	   3.9306521e-01	  -8.1107079e+00	
   6.2794795e-01	   3.9194180e-01	  -8.1355684e+00	
   6.3145045e-01	   3.9082580e-01	  -8.1603355e+00	
   6.3495295e-01	   3.8971734e-01	  -8.1850053e+00	
   6.3845546e-01	   3.8861655e-01	  -8.2095742e+00	
   6.4195796e-01	   3.8752352e-01	  -8.2340386e+00	
   6.4546046e-01	   3.8643839e-01	  -8.2583948e+00	
   6.4896296e-01	   3.8536123e-01	  -8.2826395e+00	
   6.5246547e-01	   3.8429216e-01	  -8.3067694e+00	
   6.5596797e-01	   3.8323126e-01	  -8.3307814e+00	
   6.5947047e-01	   3.8217861e-01	  -8.3546724e+00	
   6.6297297e-01	   3.8113428e-01	  -8.3784398e+00	
   6.6647548e-01	   3.8009832e-01	  -8.4020810e+00	
   6.6997798e-01	   3.7907078e-01	  -8.4255938e+00	
   6.7348048e-01	   3.7805169e-01	  -8.4489764e+00	
   6.7698298e-01	   3.7704104e-01	  -8.4722274e+00	
   6.8048549e-01	   3.7603883e-01	  -8.4953461e+00	
   6.8398799e-01	   3.7504499e-01	  -8.5183325e+00	
   6.8749049e-01	   3.7405943e-01	  -8.5411878e+00	
   6.9099299e-01	   3.7308198e-01	  -8.5639146e+00	
   6.9449550e-01	   3.7211238e-01	  -8.5865176e+00	
   6.9799800e-01	   3.7115027e-01	  -8.6090045e+00	
   7.0150050e-01	   3.7019506e-01	  -8.6313876e+00	
   7.0500300e-01	   3.6924590e-01	  -8.6536863e+00	
   7.0850551e-01	   3.6830144e-01	  -8.6759318e+00	
   7.1200801e-01	   3.6735947e-01	  -8.6981752e+00	
   7.1551051e-01	   3.6641624e-01	  -8.7205056e+00	
   7.1901301e-01	   3.6546480e-01	  -8.7430888e+00	
   7.2251552e-01	   3.6449078e-01	  -8.7662691e+00	
   7.2601802e-01	   3.6345907e-01	  -8.7908898e+00	
   7.2952052e-01	   3.6225584e-01	  -8.8196920e+00	
   7.3302302e-01	   3.6018768e-01	  -8.8694230e+00	
   7.3652553e-01	   3.6947535e-01	  -8.6482906e+00	
   7.4002803e-01	   3.6210532e-01	  -8.8233020e+00	
   7.4353053e-01	   3.6065118e-01	  -8.8582529e+00	
   7.4703303e-01	   3.5960298e-01	  -8.8835343e+00	
   7.5053554e-01	   3.5867919e-01	  -8.9058763e+00	
   7.5403804e-01	   3.5781425e-01	  -8.9268474e+00	
   7.5754054e-01	   3.5698479e-01	  -8.9470058e+00	
   7.6104304e-01	   3.5618043e-01	  -8.9665990e+00	
   7.6454555e-01	   3.5539583e-01	  -8.9857534e+00	
   7.6804805e-01	   3.5462800e-01	  -9.0045396e+00	
   7.7155055e-01	   3.5387509e-01	  -9.0230000e+00	
   7.7505305e-01	   3.5313595e-01	  -9.0411615e+00	
   7.7855556e-01	   3.5240976e-01	  -9.0590415e+00	
   7.8205806e-01	   3.5169598e-01	  -9.0766519e+00	
   7.8556056e-01	   3.5099421e-01	  -9.0940010e+00	
   7.8906306e-01	   3.5030414e-01	  -9.1110945e+00	
   7.9256557e-01	   3.4962555e-01	  -9.1279366e+00	
   7.9606807e-01	   3.4895826e-01	  -9.1445304e+00	
   7.9957057e-01	   3.4830210e-01	  -9.1608780e+00	
   8.0307307e-01	   3.4765697e-01	  -9.1769812e+00	
   8.0657558e-01	   3.4702275e-01	  -9.1928412e+00	
   8.1007808e-01	   3.4639934e-01	  -9.2084590e+00	
   8.1358058e-01	   3.4578666e-01	  -9.2238354e+00	
   8.1708308e-01	   3.4518462e-01	  -9.2389712e+00	
   8.2058559e-01	   3.4459316e-01	  -9.2538669e+00	
   8.2408809e-01	   3.4401220e-01	  -9.2685231e+00	
   8.2759059e-01	   3.4344166e-01	  -9.2829405e+00	
   8.3109309e-01	   3.4288147e-01	  -9.2971196e+00	
   8.3459560e-01	   3.4233156e-01	  -9.3110612e+00	
   8.3809810e-01	   3.4179186e-01	  -9.3247657e+00	
   8.4160060e-01	   3.4126228e-01	  -9.3382342e+00	
   8.4510310e-01	   3.4074275e-01	  -9.3514674e+00	
   8.4860561e-01	   3.4023319e-01	  -9.3644664e+00	
   8.5210811e-01	   3.3973352e-01	  -9.3772321e+00	
   8.5561061e-01	   3.3924364e-01	  -9.3897658e+00	
   8.5911311e-01	   3.3876346e-01	  -9.4020687e+00	
   8.6261562e-01	   3.3829289e-01	  -9.4141425e+00	
   8.6611812e-01	   3.3783183e-01	  -9.4259886e+00	
   8.6962062e-01	   3.3738017e-01	  -9.4376090e+00	
   8.7312312e-01	   3.3693779e-01	  -9.4490055e+00	
   8.7662563e-01	   3.3650458e-01	  -9.4601803e+00	
   8.8012813e-01	   3.3608041e-01	  -9.4711359e+00	
   8.8363063e-01	   3.3566515e-01	  -9.4818750e+00	
   8.8713313e-01	   3.3525864e-01	  -9.4924003e+00	
   8.9063564e-01	   3.3486074e-01	  -9.5027153e+00	
   8.9413814e-01	   3.3447128e-01	  -9.5128234e+00	
   8.9764064e-01	   3.3409006e-01	  -9.5227289e+00	
   9.0114314e-01	   3.3371690e-01	  -9.5324361e+00	
   9.0464565e-01	   3.3335156e-01	  -9.5419501e+00	
   9.0814815e-01	   3.3299381e-01	  -9.5512767e+00	
   9.1165065e-01	   3.3264337e-01	  -9.5604225e+00	
   9.1515315e-01	   3.3229993e-01	  -9.5693951e+00	
   9.1865566e-01	   3.3196312e-01	  -9.5782031e+00	
   9.2215816e-01	   3.3163255e-01	  -9.5868570e+00	
   9.2566066e-01	   3.3130772e-01	  -9.5953689e+00	
   9.2916316e-01	   3.3098806e-01	  -9.6037535e+00	
   9.3266567e-01	   3.3067286e-01	  -9.6120288e+00	
   9.3616817e-01	   3.3036129e-01	  -9.6202170e+00	
   9.3967067e-01	   3.3005225e-01	  -9.6283460e+00	
   9.4317317e-01	   3.2974439e-01	  -9.6364518e+00	
   9.4667568e-01	   3.2943589e-01	  -9.6445817e+00	
   9.5017818e-01	   3.2912436e-01	  -9.6527996e+00	
   9.5368068e-01	   3.2880644e-01	  -9.6611937e+00	
   9.5718318e-01	   3.2847736e-01	  -9.6698911e+00	
   9.6068569e-01	   3.2813000e-01	  -9.6790811e+00	
   9.6418819e-01	   3.2775322e-01	  -9.6890606e+00	
   9.6769069e-01	   3.2732849e-01	  -9.7003240e+00	
   9.7119319e-01	   3.2682246e-01	  -9.7137621e+00	
   9.7469570e-01	   3.2616835e-01	  -9.7311638e+00	
   9.7819820e-01	   3.2520961e-01	  -9.7567325e+00	
   9.8170070e-01	   3.2347231e-01	  -9.8032578e+00	
   9.8520320e-01	   3.1852897e-01	  -9.9370212e+00	
   9.8870571e-01	   5.6940090e-01	  -4.8916371e+00	
   9.9220821e-01	   3.3623578e-01	  -9.4671215e+00	
   9.9571071e-01	   3.3207001e-01	  -9.5754068e+00	
   9.9921321e-01	   3.3036455e-01	  -9.6201311e+00	
   1.0027157e+00	   3.2946197e-01	  -9.6438942e+00	
   1.0062182e+00	   3.2887138e-01	  -9.6594783e+00	
   1.0097207e+00	   3.2843874e-01	  -9.6709126e+00	
   1.0132232e+00	   3.2809856e-01	  -9.6799135e+00	
   1.0167257e+00	   3.2781816e-01	  -9.6873400e+00	
   1.0202282e+00	   3.2757931e-01	  -9.6936708e+00	
   1.0237307e+00	   3.2737105e-01	  -9.6991947e+00	
   1.0272332e+00	   3.2718635e-01	  -9.7040966e+00	
   1.0307357e+00	   3.2702048e-01	  -9.7085009e+00	
   1.0342382e+00	   3.2687015e-01	  -9.7124948e+00	
   1.0377407e+00	   3.2673295e-01	  -9.7161414e+00	
   1.0412432e+00	   3.2660709e-01	  -9.7194879e+00	
   1.0447457e+00	   3.2649119e-01	  -9.7225706e+00	
   1.0482482e+00	   3.2638419e-01	  -9.7254177e+00	
   1.0517508e+00	   3.2628522e-01	  -9.7280520e+00	
   1.0552533e+00	   3.2619357e-01	  -9.7304922e+00	
   1.0587558e+00	   3.2610864e-01	  -9.7327538e+00	
   1.0622583e+00	   3.2602996e-01	  -9.7348498e+00	
   1.0657608e+00	   3.2595708e-01	  -9.7367917e+00	
   1.0692633e+00	   3.2588962e-01	  -9.7385893e+00	
   1.0727658e+00	   3.2582728e-01	  -9.7402513e+00	
   1.0762683e+00	   3.2576973e-01	  -9.7417854e+00	
   1.0797708e+00	   3.2571673e-01	  -9.7431987e+00	
   1.0832733e+00	   3.2566802e-01	  -9.7444977e+00	
   1.0867758e+00	   3.2562339e-01	  -9.7456883e+00	
   1.0902783e+00	   3.2558261e-01	  -9.7467759e+00	
   1.0937808e+00	   3.2554551e-01	  -9.7477657e+00	
   1.0972833e+00	   3.2551190e-01	  -9.7486626e+00	
   1.1007858e+00	   3.2548160e-01	  -9.7494711e+00	
   1.1042883e+00	   3.2545445e-01	  -9.7501956e+00	
   1.1077908e+00	   3.2543030e-01	  -9.7508403e+00	
   1.1112933e+00	   3.2540899e-01	  -9.7514091e+00	
   1.1147958e+00	   3.2539038e-01	  -9.7519058e+00	
   1.1182983e+00	   3.2537433e-01	  -9.7523342e+00	
   1.1218008e+00	   3.2536071e-01	  -9.7526979e+00	
   1.1253033e+00	   3.2534938e-01	  -9.7530002e+00	
   1.1288058e+00	   3.2534023e-01	  -9.7532446e+00	
   1.1323083e+00	   3.2533312e-01	  -9.7534343e+00	
   1.1358108e+00	   3.2532795e-01	  -9.7535725e+00	
   1.1393133e+00	   3.2532458e-01	  -9.7536624e+00	
   1.1428158e+00	   3.2532292e-01	  -9.7537069e+00	
   1.1463183e+00	   3.2532284e-01	  -9.7537090e+00	
   1.1498208e+00	   3.2532424e-01	  -9.7536715e+00	
   1.1533233e+00	   3.2532701e-01	  -9.7535974e+00	
   1.1568258e+00	   3.2533106e-01	  -9.7534894e+00	
   1.1603283e+00	   3.2533628e-01	  -9.7533502e+00	
   1.1638308e+00	   3.2534256e-01	  -9.7531823e+00	
   1.1673333e+00	   3.2534982e-01	  -9.7529886e+00	
   1.1708358e+00	   3.2535796e-01	  -9.7527713e+00	
   1.1743383e+00	   3.2536688e-01	  -9.7525331e+00	
   1.1778408e+00	   3.2537650e-01	  -9.7522764e+00	
   1.1813433e+00	   3.2538672e-01	  -9.7520035e+00	
   1.1848458e+00	   3.2539746e-01	  -9.7517168e+00	
   1.1883483e+00	   3.2540864e-01	  -9.7514184e+00	
   1.1918509e+00	   3.2542017e-01	  -9.7511106e+00	
   1.1953534e+00	   3.2543197e-01	  -9.7507956e+00	
   1.1988559e+00	   3.2544398e-01	  -9.7504752e+00	
   1.2023584e+00	   3.2545610e-01	  -9.7501516e+00	
   1.2058609e+00	   3.2546829e-01	  -9.7498264e+00	
   1.2093634e+00	   3.2548047e-01	  -9.7495013e+00	
   1.2128659e+00	   3.2549260e-01	  -9.7491776e+00	
   1.2163684e+00	   3.2550464e-01	  -9.7488562e+00	
   1.2198709e+00	   3.2551659e-01	  -9.7485374e+00	
   1.2233734e+00	   3.2552848e-01	  -9.7482201e+00	
   1.2268759e+00	   3.2554047e-01	  -9.7479002e+00	
   1.2303784e+00	   3.2555296e-01	  -9.7475671e+00	
   1.2338809e+00	   3.2556708e-01	  -9.7471904e+00	
   1.2373834e+00	   3.2558709e-01	  -9.7466565e+00	
   1.2408859e+00	   3.2564782e-01	  -9.7450364e+00	
   1.2443884e+00	   3.2546160e-01	  -9.7500048e+00	
   1.2478909e+00	   3.2554353e-01	  -9.7478187e+00	
   1.2513934e+00	   3.2556169e-01	  -9.7473342e+00	
   1.2548959e+00	   3.2557078e-01	  -9.7470915e+00	
   1.2583984e+00	   3.2557606e-01	  -9.7469508e+00	
   1.2619009e+00	   3.2557879e-01	  -9.7468779e+00	
   1.2654034e+00	   3.2557936e-01	  -9.7468626e+00	
   1.2689059e+00	   3.2557783e-01	  -9.7469034e+00	
   1.2724084e+00	   3.2557408e-01	  -9.7470034e+00	
   1.2759109e+00	   3.2556787e-01	  -9.7471693e+00	
   1.2794134e+00	   3.2555876e-01	  -9.7474123e+00	
   1.2829159e+00	   3.2554609e-01	  -9.7477502e+00	
   1.2864184e+00	   3.2552878e-01	  -9.7482123e+00	
   1.2899209e+00	   3.2550487e-01	  -9.7488501e+00	
   1.2934234e+00	   3.2547064e-01	  -9.7497636e+00	
   1.2969259e+00	   3.2541776e-01	  -9.7511750e+00	
   1.3004284e+00	   3.2532353e-01	  -9.7536905e+00	
   1.3039309e+00	   3.2511112e-01	  -9.7593635e+00	
   1.3074334e+00	   3.3764171e-01	  -9.4308782e+00	
   1.3109359e+00	   3.2619576e-01	  -9.7304338e+00	
   1.3144384e+00	   3.2585140e-01	  -9.7396083e+00	
   1.3179409e+00	   3.2572775e-01	  -9.7429048e+00	
   1.3214434e+00	   3.2565650e-01	  -9.7448050e+00	
   1.3249459e+00	   3.2560479e-01	  -9.7461844e+00	
   1.3284484e+00	   3.2556185e-01	  -9.7473299e+00	
   1.3319510e+00	   3.2552312e-01	  -9.7483631e+00	
   1.3354535e+00	   3.2548634e-01	  -9.7493447e+00	
   1.3389560e+00	   3.2545023e-01	  -9.7503083e+00	
   1.3424585e+00	   3.2541404e-01	  -9.7512741e+00	
   1.3459610e+00	   3.2537729e-01	  -9.7522552e+00	
   1.3494635e+00	   3.2533964e-01	  -9.7532603e+00	
   1.3529660e+00	   3.2530087e-01	  -9.7542956e+00	
   1.3564685e+00	   3.2526080e-01	  -9.7553654e+00	
   1.3599710e+00	   3.2521932e-01	  -9.7564733e+00	
   1.3634735e+00	   3.2517632e-01	  -9.7576217e+00	
   1.3669760e+00	   3.2513174e-01	  -9.7588127e+00	
   1.3704785e+00	   3.2508551e-01	  -9.7600479e+00	
   1.3739810e+00	   3.2503758e-01	  -9.7613284e+00	
   1.3774835e+00	   3.2498793e-01	  -9.7626555e+00	
   1.3809860e+00	   3.2493651e-01	  -9.7640299e+00	
   1.3844885e+00	   3.2488330e-01	  -9.7654523e+00	
   1.3879910e+00	   3.2482828e-01	  -9.7669233e+00	
   1.3914935e+00	   3.2477144e-01	  -9.7684434e+00	
   1.3949960e+00	   3.2471276e-01	  -9.7700128e+00	
   1.3984985e+00	   3.2465224e-01	  -9.7716320e+00	
   1.4020010e+00	   3.2458986e-01	  -9.7733011e+00	
   1.4055035e+00	   3.2452562e-01	  -9.7750202e+00	
   1.4090060e+00	   3.2445952e-01	  -9.7767895e+00	
   1.4125085e+00	   3.2439157e-01	  -9.7786089e+00	
   1.4160110e+00	   3.2432175e-01	  -9.7804785e+00	
   1.4195135e+00	   3.2425008e-01	  -9.7823982e+00	
   1.4230160e+00	   3.2417656e-01	  -9.7843678e+00	
   1.4265185e+00	   3.2410120e-01	  -9.7863872e+00	
   1.4300210e+00	   3.2402401e-01	  -9.7884561e+00	
   1.4335235e+00	   3.2394500e-01	  -9.7905744e+00	
   1.4370260e+00	   3.2386418e-01	  -9.7927417e+00	
   1.4405285e+00	   3.2378156e-01	  -9.7949577e+00	
   1.4440310e+00	   3.2369717e-01	  -9.7972220e+00	
   1.4475335e+00	   3.2361101e-01	  -9.7995341e+00	
   1.4510360e+00	   3.2352311e-01	  -9.8018937e+00	
   1.4545385e+00	   3.2343349e-01	  -9.8043003e+00	
   1.4580410e+00	   3.2334216e-01	  -9.8067533e+00	
   1.4615435e+00	   3.2324914e-01	  -9.8092524e+00	
   1.4650460e+00	   3.2315445e-01	  -9.8117971e+00	
   1.4685485e+00	   3.2305810e-01	  -9.8143873e+00	
   1.4720511e+00	   3.2296007e-01	  -9.8170235e+00	
   1.4755536e+00	   3.2286028e-01	  -9.8197075e+00	
   1.4790561e+00	   3.2275849e-01	  -9.8224466e+00	
   1.4825586e+00	   3.2265349e-01	  -9.8252727e+00	
   1.4860611e+00	   3.2252697e-01	  -9.8286792e+00	
   1.4895636e+00	   3.2246399e-01	  -9.8303756e+00	
   1.4930661e+00	   3.2235084e-01	  -9.8334238e+00	
   1.4965686e+00	   3.2224172e-01	  -9.8363647e+00	
   1.5000711e+00	   3.2213246e-01	  -9.8393102e+00	
   1.5035736e+00	   3.2202251e-01	  -9.8422752e+00	
   1.5070761e+00	   3.2191178e-01	  -9.8452625e+00	
   1.5105786e+00	   3.2180029e-01	  -9.8482713e+00	
   1.5140811e+00	   3.2168811e-01	  -9.8512997e+00	
   1.5175836e+00	   3.2157536e-01	  -9.8543446e+00	
   1.5210861e+00	   3.2146218e-01	  -9.8574024e+00	
   1.5245886e+00	   3.2134872e-01	  -9.8604685e+00	
   1.5280911e+00	   3.2123519e-01	  -9.8635377e+00	
   1.5315936e+00	   3.2112182e-01	  -9.8666038e+00	
   1.5350961e+00	   3.2100888e-01	  -9.8696590e+00	
   1.5385986e+00	   3.2089672e-01	  -9.8726945e+00	
   1.5421011e+00	   3.2078573e-01	  -9.8756992e+00	
   1.5456036e+00	   3.2067642e-01	  -9.8786595e+00	
   1.5491061e+00	   3.2056941e-01	  -9.8815585e+00	
   1.5526086e+00	   3.2046548e-01	  -9.8843748e+00	
   1.5561111e+00	   3.2036566e-01	  -9.8870809e+00	
   1.5596136e+00	   3.2027126e-01	  -9.8896408e+00	
   1.5631161e+00	   3.2018405e-01	  -9.8920061e+00	
   1.5666186e+00	   3.2010649e-01	  -9.8941105e+00	
   1.5701211e+00	   3.2004199e-01	  -9.8958606e+00	
   1.5736236e+00	   3.1999560e-01	  -9.8971197e+00	
   1.5771261e+00	   3.1997497e-01	  -9.8976799e+00	
   1.5806286e+00	   3.1999234e-01	  -9.8972084e+00	
   1.5841311e+00	   3.2006867e-01	  -9.8951367e+00	
   1.5876336e+00	   3.2024300e-01	  -9.8904070e+00	
   1.5911361e+00	   3.2059737e-01	  -9.8808009e+00	
   1.5946386e+00	   3.2133848e-01	  -9.8607452e+00	
   1.5981411e+00	   3.2317987e-01	  -9.8111139e+00	
   1.6016436e+00	   3.3135285e-01	  -9.5941859e+00	
   1.6051461e+00	   2.9434402e-01	  -1.0622896e+01	
   1.6086486e+00	   3.1116006e-01	  -1.0140323e+01	
   1.6121512e+00	   3.1364367e-01	  -1.0071270e+01	
   1.6156537e+00	   3.1455404e-01	  -1.0046095e+01	
   1.6191562e+00	   3.1497040e-01	  -1.0034605e+01	
   1.6226587e+00	   3.1516788e-01	  -1.0029161e+01	
   1.6261612e+00	   3.1524876e-01	  -1.0026932e+01	
   1.6296637e+00	   3.1525972e-01	  -1.0026630e+01	
   1.6331662e+00	   3.1522503e-01	  -1.0027586e+01	
   1.6366687e+00	   3.1515851e-01	  -1.0029419e+01	
   1.6401712e+00	   3.1506851e-01	  -1.0031900e+01	
   1.6436737e+00	   3.1496028e-01	  -1.0034884e+01	
   1.6471762e+00	   3.1483719e-01	  -1.0038280e+01	
   1.6506787e+00	   3.1470134e-01	  -1.0042028e+01	
   1.6541812e+00	   3.1455393e-01	  -1.0046098e+01	
   1.6576837e+00	   3.1439541e-01	  -1.0050476e+01	
   1.6611862e+00	   3.1422551e-01	  -1.0055171e+01	
   1.6646887e+00	   3.1404320e-01	  -1.0060212e+01	
   1.6681912e+00	   3.1384638e-01	  -1.0065657e+01	
   1.6716937e+00	   3.1363147e-01	  -1.0071607e+01	
   1.6751962e+00	   3.1339239e-01	  -1.0078231e+01	
   1.6786987e+00	   3.1311862e-01	  -1.0085822e+01	
   1.6822012e+00	   3.1279080e-01	  -1.0094921e+01	
   1.6857037e+00	   3.1236969e-01	  -1.0106622e+01	
   1.6892062e+00	   3.1176261e-01	  -1.0123519e+01	
   1.6927087e+00	   3.1068749e-01	  -1.0153525e+01	
   1.6962112e+00	   3.0768823e-01	  -1.0237782e+01	
   1.6997137e+00	   4.3304594e-01	  -7.2693206e+00	
   1.7032162e+00	   3.1813920e-01	  -9.9476563e+00	
   1.7067187e+00	   3.1545003e-01	  -1.0021388e+01	
   1.7102212e+00	   3.1442888e-01	  -1.0049551e+01	
   1.7137237e+00	   3.1383658e-01	  -1.0065929e+01	
   1.7172262e+00	   3.1341766e-01	  -1.0077531e+01	
   1.7207287e+00	   3.1308596e-01	  -1.0086728e+01	
   1.7242312e+00	   3.1280454e-01	  -1.0094539e+01	
   1.7277337e+00	   3.1257094e-01	  -1.0101028e+01	
   1.7312362e+00	   3.1232201e-01	  -1.0107948e+01	
   1.7347387e+00	   3.1210761e-01	  -1.0113913e+01	
   1.7382412e+00	   3.1190355e-01	  -1.0119594e+01	
   1.7417437e+00	   3.1170753e-01	  -1.0125054e+01	
   1.7452462e+00	   3.1151779e-01	  -1.0130343e+01	
   1.7487487e+00	   3.1133307e-01	  -1.0135495e+01	
   1.7522513e+00	   3.1115244e-01	  -1.0140536e+01	
   1.7557538e+00	   3.1097523e-01	  -1.0145484e+01	
   1.7592563e+00	   3.1080089e-01	  -1.0150355e+01	
   1.7627588e+00	   3.1062904e-01	  -1.0155159e+01	
   1.7662613e+00	   3.1045935e-01	  -1.0159905e+01	
   1.7697638e+00	   3.1029158e-01	  -1.0164600e+01	
   1.7732663e+00	   3.1012553e-01	  -1.0169250e+01	
   1.7767688e+00	   3.0996103e-01	  -1.0173858e+01	
   1.7802713e+00	   3.0979795e-01	  -1.0178429e+01	
   1.7837738e+00	   3.0963618e-01	  -1.0182966e+01	
   1.7872763e+00	   3.0947561e-01	  -1.0187471e+01	
   1.7907788e+00	   3.0931617e-01	  -1.0191948e+01	
   1.7942813e+00	   3.0915777e-01	  -1.0196397e+01	
   1.7977838e+00	   3.0900035e-01	  -1.0200821e+01	
   1.8012863e+00	   3.0884382e-01	  -1.0205222e+01	
   1.8047888e+00	   3.0868813e-01	  -1.0209602e+01	
   1.8082913e+00	   3.0853318e-01	  -1.0213962e+01	
   1.8117938e+00	   3.0837892e-01	  -1.0218306e+01	
   1.8152963e+00	   3.0822523e-01	  -1.0222636e+01	
   1.8187988e+00	   3.0807202e-01	  -1.0226955e+01	
   1.8223013e+00	   3.0791917e-01	  -1.0231265e+01	
   1.8258038e+00	   3.0776653e-01	  -1.0235572e+01	
   1.8293063e+00	   3.0761391e-01	  -1.0239881e+01	
   1.8328088e+00	   3.0746109e-01	  -1.0244197e+01	
   1.8363113e+00	   3.0730778e-01	  -1.0248529e+01	
   1.8398138e+00	   3.0715363e-01	  -1.0252887e+01	
   1.8433163e+00	   3.0699814e-01	  -1.0257285e+01	
   1.8468188e+00	   3.0684067e-01	  -1.0261742e+01	
   1.8503213e+00	   3.0668034e-01	  -1.0266281e+01	
   1.8538238e+00	   3.0651590e-01	  -1.0270940e+01	
   1.8573263e+00	   3.0634557e-01	  -1.0275768e+01	
   1.8608288e+00	   3.0616662e-01	  -1.0280843e+01	
   1.8643313e+00	   3.0597478e-01	  -1.0286287e+01	
   1.8678338e+00	   3.0576286e-01	  -1.0292305e+01	
   1.8713363e+00	   3.0551783e-01	  -1.0299269e+01	
   1.8748388e+00	   3.0521334e-01	  -1.0307930e+01	
   1.8783413e+00	   3.0478685e-01	  -1.0320075e+01	
   1.8818438e+00	   3.0404509e-01	  -1.0341240e+01	
   1.8853463e+00	   3.0194856e-01	  -1.0401341e+01	
   1.8888488e+00	   3.4542894e-01	  -9.2328256e+00	
   1.8923514e+00	   3.0866863e-01	  -1.0210150e+01	
   1.8958539e+00	   3.0702809e-01	  -1.0256438e+01	
   1.8993564e+00	   3.0637583e-01	  -1.0274910e+01	
   1.9028589e+00	   3.0598725e-01	  -1.0285933e+01	
   1.9063614e+00	   3.0570756e-01	  -1.0293876e+01	
   1.9098639e+00	   3.0548367e-01	  -1.0300240e+01	
   1.9133664e+00	   3.0529245e-01	  -1.0305679e+01	
   1.9168689e+00	   3.0512221e-01	  -1.0310523e+01	
   1.9203714e+00	   3.0496639e-01	  -1.0314960e+01	
   1.9238739e+00	   3.0482100e-01	  -1.0319102e+01	
   1.9273764e+00	   3.0468348e-01	  -1.0323022e+01	
   1.9308789e+00	   3.0455212e-01	  -1.0326767e+01	
   1.9343814e+00	   3.0442568e-01	  -1.0330374e+01	
   1.9378839e+00	   3.0430327e-01	  -1.0333868e+01	
   1.9413864e+00	   3.0418420e-01	  -1.0337267e+01	
   1.9448889e+00	   3.0406792e-01	  -1.0340588e+01	
   1.9483914e+00	   3.0395398e-01	  -1.0343843e+01	
   1.9518939e+00	   3.0384199e-01	  -1.0347044e+01	
   1.9553964e+00	   3.0373157e-01	  -1.0350201e+01	
   1.9588989e+00	   3.0362237e-01	  -1.0353325e+01	
   1.9624014e+00	   3.0351403e-01	  -1.0356425e+01	
   1.9659039e+00	   3.0340561e-01	  -1.0359528e+01	
   1.9694064e+00	   3.0329868e-01	  -1.0362590e+01	
   1.9729089e+00	   3.0319042e-01	  -1.0365690e+01	
   1.9764114e+00	   3.0308116e-01	  -1.0368821e+01	
   1.9799139e+00	   3.0297010e-01	  -1.0372005e+01	
   1.9834164e+00	   3.0285622e-01	  -1.0375270e+01	
   1.9869189e+00	   3.0273820e-01	  -1.0378656e+01	
   1.9904214e+00	   3.0261418e-01	  -1.0382215e+01	
   1.9939239e+00	   3.0248152e-01	  -1.0386023e+01	
   1.9974264e+00	   3.0233625e-01	  -1.0390196e+01	
   2.0009289e+00	   3.0217218e-01	  -1.0394911e+01	
   2.0044314e+00	   3.0197895e-01	  -1.0400467e+01	
   2.0079339e+00	   3.0173792e-01	  -1.0407402e+01	
   2.0114364e+00	   3.0141169e-01	  -1.0416798e+01	
   2.0149389e+00	   3.0091251e-01	  -1.0431195e+01	
   2.0184414e+00	   2.9997460e-01	  -1.0458310e+01	
   2.0219439e+00	   2.9723751e-01	  -1.0537928e+01	
   2.0254464e+00	   4.4419189e-01	  -7.0485874e+00	
   2.0289489e+00	   3.0735788e-01	  -1.0247113e+01	
   2.0324515e+00	   3.0485349e-01	  -1.0318176e+01	
   2.0359540e+00	   3.0396565e-01	  -1.0343510e+01	
   2.0394565e+00	   3.0349222e-01	  -1.0357049e+01	
   2.0429590e+00	   3.0318692e-01	  -1.0365791e+01	
   2.0464615e+00	   3.0296685e-01	  -1.0372098e+01	
   2.0499640e+00	   3.0279626e-01	  -1.0376990e+01	
   2.0534665e+00	   3.0265721e-01	  -1.0380980e+01	
   2.0569690e+00	   3.0253968e-01	  -1.0384353e+01	
   2.0604715e+00	   3.0243767e-01	  -1.0387282e+01	
   2.0639740e+00	   3.0234733e-01	  -1.0389877e+01	
   2.0674765e+00	   3.0226610e-01	  -1.0392211e+01	
   2.0709790e+00	   3.0219220e-01	  -1.0394335e+01	
   2.0744815e+00	   3.0212435e-01	  -1.0396286e+01	
   2.0779840e+00	   3.0206161e-01	  -1.0398089e+01	
   2.0814865e+00	   3.0200329e-01	  -1.0399766e+01	
   2.0849890e+00	   3.0194884e-01	  -1.0401333e+01	
   2.0884915e+00	   3.0189785e-01	  -1.0402800e+01	
   2.0919940e+00	   3.0184998e-01	  -1.0404177e+01	
   2.0954965e+00	   3.0180497e-01	  -1.0405472e+01	
   2.0989990e+00	   3.0176261e-01	  -1.0406691e+01	
   2.1025015e+00	   3.0172274e-01	  -1.0407839e+01	
   2.1060040e+00	   3.0168523e-01	  -1.0408919e+01	
   2.1095065e+00	   3.0164998e-01	  -1.0409934e+01	
   2.1130090e+00	   3.0161693e-01	  -1.0410886e+01	
   2.1165115e+00	   3.0158602e-01	  -1.0411776e+01	
   2.1200140e+00	   3.0155726e-01	  -1.0412604e+01	
   2.1235165e+00	   3.0153067e-01	  -1.0413370e+01	
   2.1270190e+00	   3.0150633e-01	  -1.0414071e+01	
   2.1305215e+00	   3.0148439e-01	  -1.0414703e+01	
   2.1340240e+00	   3.0146508e-01	  -1.0415260e+01	
   2.1375265e+00	   3.0144880e-01	  -1.0415729e+01	
   2.1410290e+00	   3.0143621e-01	  -1.0416092e+01	
   2.1445315e+00	   3.0142847e-01	  -1.0416315e+01	
   2.1480340e+00	   3.0142772e-01	  -1.0416336e+01	
   2.1515365e+00	   3.0143837e-01	  -1.0416029e+01	
   2.1550390e+00	   3.0147102e-01	  -1.0415088e+01	
   2.1585415e+00	   3.0155933e-01	  -1.0412545e+01	
   2.1620440e+00	   3.0189457e-01	  -1.0402894e+01	
   2.1655465e+00	   2.9743352e-01	  -1.0532202e+01	
   2.1690490e+00	   3.0073254e-01	  -1.0436392e+01	
   2.1725516e+00	   3.0094608e-01	  -1.0430226e+01	
   2.1760541e+00	   3.0101724e-01	  -1.0428172e+01	
   2.1795566e+00	   3.0104980e-01	  -1.0427233e+01	
   2.1830591e+00	   3.0106686e-01	  -1.0426741e+01	
   2.1865616e+00	   3.0107648e-01	  -1.0426463e+01	
   2.1900641e+00	   3.0108220e-01	  -1.0426298e+01	
   2.1935666e+00	   3.0108582e-01	  -1.0426194e+01	
   2.1970691e+00	   3.0108836e-01	  -1.0426121e+01	
   2.2005716e+00	   3.0109042e-01	  -1.0426061e+01	
   2.2040741e+00	   3.0109237e-01	  -1.0426005e+01	
   2.2075766e+00	   3.0109454e-01	  -1.0425942e+01	
   2.2110791e+00	   3.0109708e-01	  -1.0425869e+01	
   2.2145816e+00	   3.0110013e-01	  -1.0425781e+01	
   2.2180841e+00	   3.0110381e-01	  -1.0425675e+01	
   2.2215866e+00	   3.0110820e-01	  -1.0425548e+01	
   2.2250891e+00	   3.0111339e-01	  -1.0425399e+01	
   2.2285916e+00	   3.0111946e-01	  -1.0425224e+01	
   2.2320941e+00	   3.0112647e-01	  -1.0425021e+01	
   2.2355966e+00	   3.0113450e-01	  -1.0424790e+01	
   2.2390991e+00	   3.0114363e-01	  -1.0424526e+01	
   2.2426016e+00	   3.0115395e-01	  -1.0424229e+01	
   2.2461041e+00	   3.0116557e-01	  -1.0423894e+01	
   2.2496066e+00	   3.0117859e-01	  -1.0423518e+01	
   2.2531091e+00	   3.0119317e-01	  -1.0423098e+01	
   2.2566116e+00	   3.0120946e-01	  -1.0422628e+01	
   2.2601141e+00	   3.0122766e-01	  -1.0422103e+01	
   2.2636166e+00	   3.0124800e-01	  -1.0421517e+01	
   2.2671191e+00	   3.0127078e-01	  -1.0420860e+01	
   2.2706216e+00	   3.0129635e-01	  -1.0420123e+01	
   2.2741241e+00	   3.0132516e-01	  -1.0419292e+01	
   2.2776266e+00	   3.0135775e-01	  -1.0418353e+01	
   2.2811291e+00	   3.0139484e-01	  -1.0417284e+01	
   2.2846316e+00	   3.0143733e-01	  -1.0416059e+01	
   2.2881341e+00	   3.0148641e-01	  -1.0414645e+01	
   2.2916366e+00	   3.0154366e-01	  -1.0412996e+01	
   2.2951391e+00	   3.0161122e-01	  -1.0411050e+01	
   2.2986416e+00	   3.0169206e-01	  -1.0408722e+01	
   2.3021441e+00	   3.0179046e-01	  -1.0405890e+01	
   2.3056466e+00	   3.0191272e-01	  -1.0402372e+01	
   2.3091491e+00	   3.0206857e-01	  -1.0397889e+01	
   2.3126517e+00	   3.0227386e-01	  -1.0391988e+01	
   2.3161542e+00	   3.0255620e-01	  -1.0383879e+01	
   2.3196567e+00	   3.0296834e-01	  -1.0372055e+01	
   2.3231592e+00	   3.0362499e-01	  -1.0353250e+01	
   2.3266617e+00	   3.0483175e-01	  -1.0318796e+01	
   2.3301642e+00	   3.0776331e-01	  -1.0235663e+01	
   2.3336667e+00	   3.2514024e-01	  -9.7585856e+00	
   2.3371692e+00	   2.8389816e-01	  -1.0936748e+01	
   2.3406717e+00	   2.9441006e-01	  -1.0620947e+01	
   2.3441742e+00	   2.9680469e-01	  -1.0550585e+01	
   2.3476767e+00	   2.9785662e-01	  -1.0519855e+01	
   2.3511792e+00	   2.9844088e-01	  -1.0502834e+01	
   2.3546817e+00	   2.9880628e-01	  -1.0492206e+01	
   2.3581842e+00	   2.9905012e-01	  -1.0485120e+01	
   2.3616867e+00	   2.9921772e-01	  -1.0480254e+01	
   2.3651892e+00	   2.9933235e-01	  -1.0476927e+01	
   2.3686917e+00	   2.9940622e-01	  -1.0474784e+01	
   2.3721942e+00	   2.9944488e-01	  -1.0473662e+01	
   2.3756967e+00	   2.9944874e-01	  -1.0473550e+01	
   2.3791992e+00	   2.9941240e-01	  -1.0474604e+01	
   2.3827017e+00	   2.9932118e-01	  -1.0477251e+01	
   2.3862042e+00	   2.9914033e-01	  -1.0482501e+01	
   2.3897067e+00	   2.9877864e-01	  -1.0493009e+01	
   2.3932092e+00	   2.9791715e-01	  -1.0518090e+01	
   2.3967117e+00	   2.9421049e-01	  -1.0626837e+01	
   2.4002142e+00	   3.1075991e-01	  -1.0151500e+01	
   2.4037167e+00	   3.0317345e-01	  -1.0366177e+01	
   2.4072192e+00	   3.0200642e-01	  -1.0399676e+01	
   2.4107217e+00	   3.0154165e-01	  -1.0413054e+01	
   2.4142242e+00	   3.0129540e-01	  -1.0420150e+01	
   2.4177267e+00	   3.0114449e-01	  -1.0424502e+01	
   2.4212292e+00	   3.0104318e-01	  -1.0427424e+01	
   2.4247317e+00	   3.0097067e-01	  -1.0429516e+01	
   2.4282342e+00	   3.0091614e-01	  -1.0431090e+01	
   2.4317367e+00	   3.0087348e-01	  -1.0432322e+01	
   2.4352392e+00	   3.0084854e-01	  -1.0433042e+01	
   2.4387417e+00	   3.0080974e-01	  -1.0434162e+01	
   2.4422442e+00	   3.0078464e-01	  -1.0434887e+01	
   2.4457467e+00	   3.0076251e-01	  -1.0435526e+01	
   2.4492492e+00	   3.0074250e-01	  -1.0436104e+01	
   2.4527518e+00	   3.0072401e-01	  -1.0436638e+01	
   2.4562543e+00	   3.0070660e-01	  -1.0437141e+01	
   2.4597568e+00	   3.0068995e-01	  -1.0437622e+01	
   2.4632593e+00	   3.0067379e-01	  -1.0438089e+01	
   2.4667618e+00	   3.0065793e-01	  -1.0438547e+01	
   2.4702643e+00	   3.0064220e-01	  -1.0439001e+01	
   2.4737668e+00	   3.0062649e-01	  -1.0439455e+01	
   2.4772693e+00	   3.0061068e-01	  -1.0439912e+01	
   2.4807718e+00	   3.0059470e-01	  -1.0440374e+01	
   2.4842743e+00	   3.0057847e-01	  -1.0440842e+01	
   2.4877768e+00	   3.0056194e-01	  -1.0441320e+01	
   2.4912793e+00	   3.0054506e-01	  -1.0441808e+01	
   2.4947818e+00	   3.0052778e-01	  -1.0442307e+01	
   2.4982843e+00	   3.0051008e-01	  -1.0442819e+01	
   2.5017868e+00	   3.0049193e-01	  -1.0443344e+01	
   2.5052893e+00	   3.0047329e-01	  -1.0443883e+01	
   2.5087918e+00	   3.0045415e-01	  -1.0444436e+01	
   2.5122943e+00	   3.0043449e-01	  -1.0445004e+01	
   2.5157968e+00	   3.0041430e-01	  -1.0445588e+01	
   2.5192993e+00	   3.0039355e-01	  -1.0446188e+01	
   2.5228018e+00	   3.0037225e-01	  -1.0446804e+01	
   2.5263043e+00	   3.0035037e-01	  -1.0447436e+01	
   2.5298068e+00	   3.0032792e-01	  -1.0448086e+01	
   2.5333093e+00	   3.0030489e-01	  -1.0448752e+01	
   2.5368118e+00	   3.0028126e-01	  -1.0449435e+01	
   2.5403143e+00	   3.0025705e-01	  -1.0450136e+01	
   2.5438168e+00	   3.0023224e-01	  -1.0450854e+01	
   2.5473193e+00	   3.0020683e-01	  -1.0451589e+01	
   2.5508218e+00	   3.0018083e-01	  -1.0452341e+01	
   2.5543243e+00	   3.0015423e-01	  -1.0453111e+01	
   2.5578268e+00	   3.0012705e-01	  -1.0453897e+01	
   2.5613293e+00	   3.0009929e-01	  -1.0454701e+01	
   2.5648318e+00	   3.0007096e-01	  -1.0455521e+01	
   2.5683343e+00	   3.0004206e-01	  -1.0456357e+01	
   2.5718368e+00	   3.0001263e-01	  -1.0457209e+01	
   2.5753393e+00	   2.9998268e-01	  -1.0458076e+01	
   2.5788418e+00	   2.9995225e-01	  -1.0458958e+01	
   2.5823443e+00	   2.9992137e-01	  -1.0459852e+01	
   2.5858468e+00	   2.9989009e-01	  -1.0460758e+01	
   2.5893493e+00	   2.9985851e-01	  -1.0461673e+01	
   2.5928519e+00	   2.9982671e-01	  -1.0462594e+01	
   2.5963544e+00	   2.9979484e-01	  -1.0463517e+01	
   2.5998569e+00	   2.9976311e-01	  -1.0464436e+01	
   2.6033594e+00	   2.9973184e-01	  -1.0465342e+01	
   2.6068619e+00	   2.9970152e-01	  -1.0466221e+01	
   2.6103644e+00	   2.9967292e-01	  -1.0467050e+01	
   2.6138669e+00	   2.9964744e-01	  -1.0467789e+01	
   2.6173694e+00	   2.9962766e-01	  -1.0468362e+01	
   2.6208719e+00	   2.9961915e-01	  -1.0468609e+01	
   2.6243744e+00	   2.9963616e-01	  -1.0468116e+01	
   2.6278769e+00	   2.9972916e-01	  -1.0465420e+01	
   2.6313794e+00	   3.0027905e-01	  -1.0449499e+01	
   2.6348819e+00	   2.9957728e-01	  -1.0469823e+01	
   2.6383844e+00	   2.9889807e-01	  -1.0489538e+01	
   2.6418869e+00	   2.9897930e-01	  -1.0487178e+01	
   2.6453894e+00	   2.9898880e-01	  -1.0486902e+01	
   2.6488919e+00	   2.9897103e-01	  -1.0487418e+01	
   2.6523944e+00	   2.9893968e-01	  -1.0488329e+01	
   2.6558969e+00	   2.9890010e-01	  -1.0489479e+01	
   2.6593994e+00	   2.9885474e-01	  -1.0490797e+01	
   2.6629019e+00	   2.9880478e-01	  -1.0492249e+01	
   2.6664044e+00	   2.9875075e-01	  -1.0493820e+01	
   2.6699069e+00	   2.9869286e-01	  -1.0495503e+01	
   2.6734094e+00	   2.9863100e-01	  -1.0497302e+01	
   2.6769119e+00	   2.9856489e-01	  -1.0499225e+01	
   2.6804144e+00	   2.9849399e-01	  -1.0501288e+01	
   2.6839169e+00	   2.9841748e-01	  -1.0503515e+01	
   2.6874194e+00	   2.9833417e-01	  -1.0505940e+01	
   2.6909219e+00	   2.9824220e-01	  -1.0508618e+01	
   2.6944244e+00	   2.9813842e-01	  -1.0511641e+01	
   2.6979269e+00	   2.9801475e-01	  -1.0515245e+01	
   2.7014294e+00	   2.9753645e-01	  -1.0529197e+01	
   2.7049319e+00	   2.9777058e-01	  -1.0522364e+01	
   2.7084344e+00	   2.9756283e-01	  -1.0528427e+01	
   2.7119369e+00	   2.9730158e-01	  -1.0536056e+01	
   2.7154394e+00	   2.9693303e-01	  -1.0546830e+01	
   2.7189419e+00	   2.9634216e-01	  -1.0564131e+01	
   2.7224444e+00	   2.9517116e-01	  -1.0598522e+01	
   2.7259469e+00	   2.9141712e-01	  -1.0709699e+01	
   2.7294494e+00	   3.4364444e-01	  -9.2778135e+00	
   2.7329520e+00	   3.0355864e-01	  -1.0355148e+01	
   2.7364545e+00	   3.0101487e-01	  -1.0428241e+01	
   2.7399570e+00	   3.0006354e-01	  -1.0455735e+01	
   2.7434595e+00	   2.9954818e-01	  -1.0470666e+01	
   2.7469620e+00	   2.9921376e-01	  -1.0480369e+01	
   2.7504645e+00	   2.9897161e-01	  -1.0487401e+01	
   2.7539670e+00	   2.9878281e-01	  -1.0492888e+01	
   2.7574695e+00	   2.9862759e-01	  -1.0497402e+01	
   2.7609720e+00	   2.9849482e-01	  -1.0501264e+01	
   2.7644745e+00	   2.9837780e-01	  -1.0504670e+01	
   2.7679770e+00	   2.9827222e-01	  -1.0507744e+01	
   2.7714795e+00	   2.9817520e-01	  -1.0510569e+01	
   2.7749820e+00	   2.9808474e-01	  -1.0513205e+01	
   2.7784845e+00	   2.9799940e-01	  -1.0515692e+01	
   2.7819870e+00	   2.9791813e-01	  -1.0518061e+01	
   2.7854895e+00	   2.9784015e-01	  -1.0520335e+01	
   2.7889920e+00	   2.9776483e-01	  -1.0522532e+01	
   2.7924945e+00	   2.9769172e-01	  -1.0524665e+01	
   2.7959970e+00	   2.9762043e-01	  -1.0526745e+01	
   2.7994995e+00	   2.9755068e-01	  -1.0528781e+01	
   2.8030020e+00	   2.9748222e-01	  -1.0530780e+01	
   2.8065045e+00	   2.9741484e-01	  -1.0532747e+01	
   2.8100070e+00	   2.9734839e-01	  -1.0534688e+01	
   2.8135095e+00	   2.9728272e-01	  -1.0536607e+01	
   2.8170120e+00	   2.9721771e-01	  -1.0538506e+01	
   2.8205145e+00	   2.9715326e-01	  -1.0540390e+01	
   2.8240170e+00	   2.9708928e-01	  -1.0542261e+01	
   2.8275195e+00	   2.9702567e-01	  -1.0544120e+01	
   2.8310220e+00	   2.9696237e-01	  -1.0545971e+01	
   2.8345245e+00	   2.9689931e-01	  -1.0547816e+01	
   2.8380270e+00	   2.9683640e-01	  -1.0549657e+01	
   2.8415295e+00	   2.9677359e-01	  -1.0551495e+01	
   2.8450320e+00	   2.9671079e-01	  -1.0553333e+01	
   2.8485345e+00	   2.9664792e-01	  -1.0555174e+01	
   2.8520370e+00	   2.9658492e-01	  -1.0557019e+01	
   2.8555395e+00	   2.9652166e-01	  -1.0558872e+01	
   2.8590420e+00	   2.9645805e-01	  -1.0560735e+01	
   2.8625445e+00	   2.9639395e-01	  -1.0562613e+01	
   2.8660470e+00	   2.9632919e-01	  -1.0564511e+01	
   2.8695495e+00	   2.9626359e-01	  -1.0566434e+01	
   2.8730521e+00	   2.9619690e-01	  -1.0568390e+01	
   2.8765546e+00	   2.9612879e-01	  -1.0570387e+01	
   2.8800571e+00	   2.9605884e-01	  -1.0572439e+01	
   2.8835596e+00	   2.9598652e-01	  -1.0574561e+01	
   2.8870621e+00	   2.9591105e-01	  -1.0576776e+01	
   2.8905646e+00	   2.9583136e-01	  -1.0579116e+01	
   2.8940671e+00	   2.9574590e-01	  -1.0581625e+01	
   2.8975696e+00	   2.9565234e-01	  -1.0584374e+01	
   2.9010721e+00	   2.9554693e-01	  -1.0587471e+01	
   2.9045746e+00	   2.9542344e-01	  -1.0591101e+01	
   2.9080771e+00	   2.9527043e-01	  -1.0595601e+01	
   2.9115796e+00	   2.9506464e-01	  -1.0601657e+01	
   2.9150821e+00	   2.9475028e-01	  -1.0610916e+01	
   2.9185846e+00	   2.9415163e-01	  -1.0628575e+01	
   2.9220871e+00	   2.9227747e-01	  -1.0684093e+01	
   2.9255896e+00	   3.1680790e-01	  -9.9840799e+00	
   2.9290921e+00	   2.9815632e-01	  -1.0511120e+01	
   2.9325946e+00	   2.9690593e-01	  -1.0547622e+01	
   2.9360971e+00	   2.9642340e-01	  -1.0561750e+01	
   2.9395996e+00	   2.9615256e-01	  -1.0569690e+01	
   2.9431021e+00	   2.9597025e-01	  -1.0575039e+01	
   2.9466046e+00	   2.9583363e-01	  -1.0579049e+01	
   2.9501071e+00	   2.9572392e-01	  -1.0582271e+01	
   2.9536096e+00	   2.9563168e-01	  -1.0584981e+01	
   2.9571121e+00	   2.9555193e-01	  -1.0587324e+01	
   2.9606146e+00	   2.9548317e-01	  -1.0589345e+01	
   2.9641171e+00	   2.9505131e-01	  -1.0602049e+01	
   2.9676196e+00	   2.9534449e-01	  -1.0593422e+01	
   2.9711221e+00	   2.9529222e-01	  -1.0594960e+01	
   2.9746246e+00	   2.9524179e-01	  -1.0596443e+01	
   2.9781271e+00	   2.9519445e-01	  -1.0597836e+01	
   2.9816296e+00	   2.9515033e-01	  -1.0599135e+01	
   2.9851321e+00	   2.9510948e-01	  -1.0600337e+01	
   2.9886346e+00	   2.9507203e-01	  -1.0601439e+01	
   2.9921371e+00	   2.9503819e-01	  -1.0602435e+01	
   2.9956396e+00	   2.9500833e-01	  -1.0603314e+01	
   2.9991421e+00	   2.9498297e-01	  -1.0604061e+01	
   3.0026446e+00	   2.9496287e-01	  -1.0604653e+01	
   3.0061471e+00	   2.9494911e-01	  -1.0605058e+01	
   3.0096496e+00	   2.9494320e-01	  -1.0605232e+01	
   3.0131522e+00	   2.9494739e-01	  -1.0605109e+01	
   3.0166547e+00	   2.9496500e-01	  -1.0604590e+01	
   3.0201572e+00	   2.9500121e-01	  -1.0603524e+01	
   3.0236597e+00	   2.9506448e-01	  -1.0601661e+01	
   3.0271622e+00	   2.9516960e-01	  -1.0598568e+01	
   3.0306647e+00	   2.9534479e-01	  -1.0593414e+01	
   3.0341672e+00	   2.9565149e-01	  -1.0584399e+01	
   3.0376697e+00	   2.9625286e-01	  -1.0566749e+01	
   3.0411722e+00	   2.9777232e-01	  -1.0522313e+01	
   3.0446747e+00	   3.0676414e-01	  -1.0263908e+01	
   3.0481772e+00	   2.8458266e-01	  -1.0915831e+01	
   3.0516797e+00	   2.9039510e-01	  -1.0740214e+01	
   3.0551822e+00	   2.9165889e-01	  -1.0702496e+01	
   3.0586847e+00	   2.9218056e-01	  -1.0686974e+01	
   3.0621872e+00	   2.9244234e-01	  -1.0679195e+01	
   3.0656897e+00	   2.9257921e-01	  -1.0675131e+01	
   3.0691922e+00	   2.9264172e-01	  -1.0673275e+01	
   3.0726947e+00	   2.9265005e-01	  -1.0673028e+01	
   3.0761972e+00	   2.9260858e-01	  -1.0674259e+01	
   3.0796997e+00	   2.9250739e-01	  -1.0677263e+01	
   3.0832022e+00	   2.9231162e-01	  -1.0683078e+01	
   3.0867047e+00	   2.9191393e-01	  -1.0694904e+01	
   3.0902072e+00	   2.9085140e-01	  -1.0726577e+01	
   3.0937097e+00	   2.8116534e-01	  -1.1020764e+01	
   3.0972122e+00	   2.9722816e-01	  -1.0538201e+01	
   3.1007147e+00	   2.9495700e-01	  -1.0604826e+01	
   3.1042172e+00	   2.9432958e-01	  -1.0623322e+01	
   3.1077197e+00	   2.9403102e-01	  -1.0632137e+01	
   3.1112222e+00	   2.9385309e-01	  -1.0637395e+01	
   3.1147247e+00	   2.9373253e-01	  -1.0640959e+01	
   3.1182272e+00	   2.9364366e-01	  -1.0643587e+01	
   3.1217297e+00	   2.9357415e-01	  -1.0645644e+01	
   3.1252322e+00	   2.9351736e-01	  -1.0647324e+01	
   3.1287347e+00	   2.9346944e-01	  -1.0648742e+01	
   3.1322372e+00	   2.9342799e-01	  -1.0649969e+01	
   3.1357397e+00	   2.9339148e-01	  -1.0651050e+01	
   3.1392422e+00	   2.9335889e-01	  -1.0652015e+01	
   3.1427447e+00	   2.9332951e-01	  -1.0652885e+01	
   3.1462472e+00	   2.9330287e-01	  -1.0653674e+01	
   3.1497497e+00	   2.9327865e-01	  -1.0654391e+01	
   3.1532523e+00	   2.9325664e-01	  -1.0655043e+01	
   3.1567548e+00	   2.9323673e-01	  -1.0655633e+01	
   3.1602573e+00	   2.9321887e-01	  -1.0656162e+01	
   3.1637598e+00	   2.9320312e-01	  -1.0656628e+01	
   3.1672623e+00	   2.9318960e-01	  -1.0657029e+01	
   3.1707648e+00	   2.9317855e-01	  -1.0657356e+01	
   3.1742673e+00	   2.9317033e-01	  -1.0657600e+01	
   3.1777698e+00	   2.9316552e-01	  -1.0657742e+01	
   3.1812723e+00	   2.9316502e-01	  -1.0657757e+01	
   3.1847748e+00	   2.9317025e-01	  -1.0657602e+01	
   3.1882773e+00	   2.9318357e-01	  -1.0657207e+01	
   3.1917798e+00	   2.9320920e-01	  -1.0656448e+01	
   3.1952823e+00	   2.9325536e-01	  -1.0655081e+01	
   3.1987848e+00	   2.9334061e-01	  -1.0652556e+01	
   3.2022873e+00	   2.9351711e-01	  -1.0647332e+01	
   3.2057898e+00	   2.9400996e-01	  -1.0632759e+01	
   3.2092923e+00	   2.9939406e-01	  -1.0475136e+01	
   3.2127948e+00	   2.9116769e-01	  -1.0717136e+01	
   3.2162973e+00	   2.9210459e-01	  -1.0689233e+01	
   3.2197998e+00	   2.9236272e-01	  -1.0681560e+01	
   3.2233023e+00	   2.9246015e-01	  -1.0678666e+01	
   3.2268048e+00	   2.9254754e-01	  -1.0676071e+01	
   3.2303073e+00	   2.9258699e-01	  -1.0674900e+01	
   3.2338098e+00	   2.9261334e-01	  -1.0674118e+01	
   3.2373123e+00	   2.9263175e-01	  -1.0673571e+01	
   3.2408148e+00	   2.9264520e-01	  -1.0673172e+01	
   3.2443173e+00	   2.9265547e-01	  -1.0672867e+01	
   3.2478198e+00	   2.9266370e-01	  -1.0672623e+01	
   3.2513223e+00	   2.9267067e-01	  -1.0672416e+01	
   3.2548248e+00	   2.9267694e-01	  -1.0672230e+01	
   3.2583273e+00	   2.9268292e-01	  -1.0672053e+01	
   3.2618298e+00	   2.9268894e-01	  -1.0671874e+01	
   3.2653323e+00	   2.9269529e-01	  -1.0671685e+01	
   3.2688348e+00	   2.9270221e-01	  -1.0671480e+01	
   3.2723373e+00	   2.9270994e-01	  -1.0671250e+01	
   3.2758398e+00	   2.9271871e-01	  -1.0670990e+01	
   3.2793423e+00	   2.9272876e-01	  -1.0670692e+01	
   3.2828448e+00	   2.9274036e-01	  -1.0670348e+01	
   3.2863473e+00	   2.9275380e-01	  -1.0669949e+01	
   3.2898498e+00	   2.9276944e-01	  -1.0669485e+01	
   3.2933524e+00	   2.9278769e-01	  -1.0668944e+01	
   3.2968549e+00	   2.9280906e-01	  -1.0668310e+01	
   3.3003574e+00	   2.9283420e-01	  -1.0667564e+01	
   3.3038599e+00	   2.9286390e-01	  -1.0666683e+01	
   3.3073624e+00	   2.9289924e-01	  -1.0665635e+01	
   3.3108649e+00	   2.9294160e-01	  -1.0664379e+01	
   3.3143674e+00	   2.9299287e-01	  -1.0662859e+01	
   3.3178699e+00	   2.9305570e-01	  -1.0660997e+01	
   3.3213724e+00	   2.9313387e-01	  -1.0658680e+01	
   3.3248749e+00	   2.9323299e-01	  -1.0655743e+01	
   3.3283774e+00	   2.9336182e-01	  -1.0651928e+01	
   3.3318799e+00	   2.9353471e-01	  -1.0646811e+01	
   3.3353824e+00	   2.9377697e-01	  -1.0639645e+01	
   3.3388849e+00	   2.9413776e-01	  -1.0628984e+01	
   3.3423874e+00	   2.9472676e-01	  -1.0611609e+01	
   3.3458899e+00	   2.9584835e-01	  -1.0578617e+01	
   3.3493924e+00	   2.9877762e-01	  -1.0493039e+01	
   3.3528949e+00	   3.2468364e-01	  -9.7707918e+00	
   3.3563974e+00	   2.8097817e-01	  -1.1026549e+01	
   3.3598999e+00	   2.8733305e-01	  -1.0832288e+01	
   3.3634024e+00	   2.8904857e-01	  -1.0780583e+01	
   3.3669049e+00	   2.8983672e-01	  -1.0756932e+01	
   3.3704074e+00	   2.9028203e-01	  -1.0743597e+01	
   3.3739099e+00	   2.9056187e-01	  -1.0735228e+01	
   3.3774124e+00	   2.9074805e-01	  -1.0729664e+01	
   3.3809149e+00	   2.9087484e-01	  -1.0725877e+01	
   3.3844174e+00	   2.9096024e-01	  -1.0723327e+01	
   3.3879199e+00	   2.9101412e-01	  -1.0721719e+01	
   3.3914224e+00	   2.9104163e-01	  -1.0720898e+01	
   3.3949249e+00	   2.9104474e-01	  -1.0720805e+01	
   3.3984274e+00	   2.9102269e-01	  -1.0721463e+01	
   3.4019299e+00	   2.9097161e-01	  -1.0722988e+01	
   3.4054324e+00	   2.9088311e-01	  -1.0725630e+01	
   3.4089349e+00	   2.9074083e-01	  -1.0729879e+01	
   3.4124374e+00	   2.9051166e-01	  -1.0736729e+01	
   3.4159399e+00	   2.9012080e-01	  -1.0748423e+01	
   3.4194424e+00	   2.8936087e-01	  -1.0771204e+01	
   3.4229449e+00	   2.8737495e-01	  -1.0831022e+01	
   3.4264474e+00	   2.7111375e-01	  -1.1336969e+01	
   3.4299499e+00	   3.0013024e-01	  -1.0453805e+01	
   3.4334525e+00	   2.9541001e-01	  -1.0591496e+01	
   3.4369550e+00	   2.9416995e-01	  -1.0628034e+01	
   3.4404575e+00	   2.9360225e-01	  -1.0644813e+01	
   3.4439600e+00	   2.9327868e-01	  -1.0654390e+01	
   3.4474625e+00	   2.9307053e-01	  -1.0660557e+01	
   3.4509650e+00	   2.9292570e-01	  -1.0664850e+01	
   3.4544675e+00	   2.9281905e-01	  -1.0668013e+01	
   3.4579700e+00	   2.9273690e-01	  -1.0670451e+01	
   3.4614725e+00	   2.9267108e-01	  -1.0672404e+01	
   3.4649750e+00	   2.9261628e-01	  -1.0674030e+01	
   3.4684775e+00	   2.9256864e-01	  -1.0675444e+01	
   3.4719800e+00	   2.9252491e-01	  -1.0676743e+01	
   3.4754825e+00	   2.9248148e-01	  -1.0678033e+01	
   3.4789850e+00	   2.9243274e-01	  -1.0679480e+01	
   3.4824875e+00	   2.9236348e-01	  -1.0681538e+01	
   3.4859900e+00	   2.9221532e-01	  -1.0685940e+01	
   3.4894925e+00	   2.9036002e-01	  -1.0741264e+01	
   3.4929950e+00	   2.9284056e-01	  -1.0667375e+01	
   3.4964975e+00	   2.9262205e-01	  -1.0673859e+01	
   3.5000000e+00	   2.9254831e-01	  -1.0676048e+01	
